0101000001101001011100100110000101110100011001010111001100100000
0110000101110010011001010010000001100101011101100110100101101100
0011111100100000010101000110100001100101001000000100110101100001
0111001001101001011011100110010101110011001000000110000101110010
0110010100100000011100100110100101100111011010000111010001100101
0110111101110101011100110011111100100000000011010000101000001101
0000101001010100011010000110010101110011011001010010000001110100
0110010101110010011011010111001100100000011010000110000101110110
0110010100100000011000010110110001110111011000010111100101110011
0010000001100011011010000110000101101110011001110110010101100100
0010000001110100011010000111001001101111011101010110011101101000
0110111101110101011101000010000001110100011010000110010100100000
0110001101101111011101010111001001110011011001010010000001101111
0110011000100000011010000110100101110011011101000110111101110010
0111100100100001001000000000110100001010000011010000101001001011
0110100101100100011100110010000001110111011010000110111100100000
0110100001100001011101100110010100100000011011100110010101110110
0110010101110010001000000111001101100101011001010110111000100000
0111000001100101011000010110001101100101001000000110000101101110
0110010000100000011010110110100101100100011100110010000001110111
0110100001101111001000000110100001100001011101100110010100100000
0110111001100101011101100110010101110010001000000111001101100101
0110010101101110001000000111011101100001011100100010000001101000
0110000101110110011001010010000001100100011010010110011001100110
0110010101110010011001010110111001110100001000000111011001100001
0110110001110101011001010111001100100001001000000000110100001010
0000110100001010010101000110100001101111011100110110010100100000
0111011101101000011011110010000001110011011101000110000101101110
0110010000100000011000010111010000100000011101000110100001100101
0010000001110100011011110111000000100000011001000110010101110100
0110010101110010011011010110100101101110011001010010000001110111
0110100001100001011101000010011101110011001000000111011101110010
0110111101101110011001110010000001100001011011100110010000100000
0111011101101000011000010111010000100111011100110010000001110010
0110100101100111011010000111010000100001001000000101010001101000
0110100101110011001000000111011001100101011100100111100100100000
0111000001101100011000010110001101100101001000000110100101110011
0010000001101110011001010111010101110100011100100110000101101100
0010000001100111011100100110111101110101011011100110010000100001
0010000000001101000010100000110100001010010010100111010101110011
0111010001101001011000110110010100100000011101110110100101101100
0110110000100000011100000111001001100101011101100110000101101001
0110110000101100001000000111100101101111011101010010000001110011
0110000101111001001111110010000000001101000010100000110100001010
0100001001110101011101000010000001101111011001100010000001100011
0110111101110101011100100111001101100101001000000110100101110100
0010000001110111011010010110110001101100001000010010000000001101
0000101000001101000010100101011101101000011011110110010101110110
0110010101110010001000000111011101101001011011100111001100100000
0111010001101000011010010111001100100000011101110110000101110010
0010000001100010011001010110001101101111011011010110010101110011
0010000001101010011101010111001101110100011010010110001101100101
0010000100000000000000000000000000000000000000000000000000000000
